#define LEVEL_Y 8
#define LEVEL_X 64

bool level[LEVEL_Y][LEVEL_X] =
    {

    /*0*/{1,1,1,1,1,1,1,1,1,1,1,1,1,1,1,1,1,1,1,1,1,1,1,1,1,1,1,1,1,1,1,1,1,1,1,1,1,1,1,1,1,1,1,1,1,1,1,1,1,1,1,1,1,1,1,1,1,1,1,1,1,1,1,1},
    /*1*/{1,0,0,0,0,0,0,0,0,0,0,0,0,0,0,0,0,0,0,0,0,0,0,0,0,0,0,0,0,0,0,0,0,0,0,0,0,0,0,0,0,0,0,0,0,0,0,0,0,0,0,0,0,0,0,0,0,0,0,0,0,0,1,1},
    /*2*/{1,0,0,1,0,0,0,1,0,1,1,1,1,0,0,0,1,0,0,0,1,1,1,1,0,0,0,1,0,0,0,1,0,1,1,1,1,0,1,1,1,1,0,0,0,1,0,0,1,0,1,1,1,1,0,1,0,0,0,1,0,0,1,1},
    /*3*/{1,0,0,1,0,0,0,1,0,1,0,0,0,0,0,0,1,0,0,0,1,0,0,1,0,0,0,1,0,0,1,1,0,1,0,0,0,0,1,0,0,0,0,0,0,1,0,0,1,0,1,0,0,0,0,1,0,0,0,1,0,0,1,1},
    /*4*/{1,0,0,1,0,1,0,1,0,1,1,1,0,0,0,0,1,0,0,0,1,0,0,1,0,0,0,1,0,1,0,1,0,1,0,0,0,0,1,0,0,0,0,0,0,1,1,1,1,0,1,0,0,0,0,1,0,1,0,1,0,0,1,1},
    /*5*/{1,0,0,1,1,0,1,1,0,1,0,0,0,0,0,0,1,0,0,0,1,0,0,1,0,0,0,1,1,0,0,1,0,1,0,0,0,0,1,0,0,0,0,0,0,1,0,0,1,0,1,0,0,0,0,1,1,0,1,1,0,0,1,1},
    /*6*/{1,0,0,1,0,0,0,1,0,1,1,1,1,0,1,1,1,1,1,0,1,0,0,1,0,0,0,1,0,0,0,1,0,1,1,1,1,0,1,1,1,1,0,0,0,1,1,1,1,0,1,1,1,1,0,1,0,0,0,1,0,0,1,1},
    /*7*/{1,1,1,1,1,1,1,1,1,1,1,1,1,1,1,1,1,1,1,1,1,1,1,1,1,1,1,1,1,1,1,1,1,1,1,1,1,1,1,1,1,1,1,1,1,1,1,1,1,1,1,1,1,1,1,1,1,1,1,1,1,1,1,1},
    };